 1.40285340e-18 -3.11528378e-19 4.37117349e-19
 4.03839969e-01 3.99203028e-02 -4.93510030e-01
 -4.03839969e-01 -3.99203028e-02 4.93510030e-01
 1.02146114e+00 9.70041998e-01 1.16662349e-01
 -1.02146114e+00 -9.70041998e-01 -1.16662349e-01
 5.26240594e-01 -1.03503345e+00 -8.21514591e-01
 7.00361320e-01 1.23925781e+00 -1.86985160e-01
 -5.26240594e-01 1.03503345e+00 8.21514591e-01
 -7.00361320e-01 -1.23925781e+00 1.86985160e-01
 4.36546759e-01 -2.31890305e+00 7.95070939e-01
 3.79470760e-17 -2.38524478e-16 5.15906762e-15
 2.84137380e-01 -2.72950070e-01 -1.18527681e+00
 -4.36546759e-01 2.31890305e+00 -7.95070939e-01
 -2.84137380e-01 2.72950070e-01 1.18527681e+00
