 -6.64851030e-16 1.00000000e+00 -1.00000000e+00
 8.35199743e+00 -5.12672699e-01 -3.21355959e-02
 8.35199743e+00 -5.12672699e-01 -3.21355959e-02
 -4.32275107e-01 -2.23350434e-01 8.43755328e-01
 -4.32275107e-01 -2.23350434e-01 8.43755328e-01
 6.36065439e-01 4.63247924e-01 -3.10454220e-02
 2.92259071e-02 -5.92274641e-01 -1.02885388e+00
 6.36065439e-01 4.63247924e-01 -3.10454220e-02
 2.92259071e-02 -5.92274641e-01 -1.02885388e+00
 3.21964541e-01 7.68268586e-01 6.36551182e-03
 -1.41770731e-01 1.73114637e+00 1.60706788e+00
 1.08351601e-01 7.31208079e-01 -6.86619886e-01
 3.21964541e-01 7.68268586e-01 6.36551182e-03
 1.08351601e-01 7.31208079e-01 -6.86619886e-01
