 0.00000000e+00 0.00000000e+00 0.00000000e+00
 0.00000000e+00 0.00000000e+00 0.00000000e+00
 0.00000000e+00 0.00000000e+00 0.00000000e+00
 -1.66727498e+00 -4.17548359e-01 -4.46760688e-01
 1.66727498e+00 4.17548359e-01 4.46760688e-01
 -3.72760834e+00 6.39893425e+00 -4.25236343e-01
 3.72760834e+00 -6.39893425e+00 4.25236343e-01
 -2.37532985e+00 -7.27407446e-01 -9.05428609e-01
 -2.30329683e+00 1.19829538e-01 5.49242535e-01
 2.37532985e+00 7.27407446e-01 9.05428609e-01
 2.30329683e+00 -1.19829538e-01 -5.49242535e-01
 -2.07636529e+00 1.90157283e+00 3.17248522e-01
 2.07636529e+00 -1.90157283e+00 -3.17248522e-01
 -1.38440295e+00 -2.53583645e-01 -9.98604344e-01
 1.38440295e+00 2.53583645e-01 9.98604344e-01
 4.98154179e-01 2.80825536e-02 7.20612174e-01
 -4.98154179e-01 -2.80825536e-02 -7.20612174e-01
 -1.34149103e+00 6.10530017e+00 7.45643238e-01
 1.34149103e+00 -6.10530017e+00 -7.45643238e-01
 -8.05478805e-01 -9.84010547e-01 9.65816838e-03
 8.05478805e-01 9.84010547e-01 -9.65816838e-03
 -1.66978562e+00 -2.65436389e-01 4.03115374e-01
 1.66978562e+00 2.65436389e-01 -4.03115374e-01
 -7.03604316e-01 -6.10942593e-01 4.14600100e-01
 7.03604316e-01 6.10942593e-01 -4.14600100e-01
 -7.79030032e-01 -5.76999259e-01 2.21428872e-01
 7.79030032e-01 5.76999259e-01 -2.21428872e-01
 -1.59554380e+00 1.47168097e-01 4.76249311e-01
 1.59554380e+00 -1.47168097e-01 -4.76249311e-01
 -1.56641123e+00 -1.08363675e+00 2.12014358e-01
 1.56641123e+00 1.08363675e+00 -2.12014358e-01
 -9.00577409e-01 -9.96941723e-01 -2.45128758e-01
 9.00577409e-01 9.96941723e-01 2.45128758e-01
 2.36472617e-01 -7.89992887e-01 -2.80748074e-01
 -2.36472617e-01 7.89992887e-01 2.80748074e-01
 -1.51453148e+00 1.66585432e-01 -7.44409676e-01
 1.51453148e+00 -1.66585432e-01 7.44409676e-01
 -1.13619935e-03 -9.47663864e-02 1.06975225e+00
 1.13619935e-03 9.47663864e-02 -1.06975225e+00
 -1.32395451e+00 -6.36564750e-02 9.42385229e-02
 1.32395451e+00 6.36564750e-02 -9.42385229e-02
 6.95903624e-01 3.66481748e-01 1.33798377e+00
 3.12617590e-01 -3.52578279e-03 2.22297478e-01
 -3.12617590e-01 3.52578279e-03 -2.22297478e-01
 -6.95903624e-01 -3.66481748e-01 -1.33798377e+00
 -2.25500499e-16 1.09992310e-15 -1.20007628e-15
 -1.03817321e+00 5.65397494e-01 -7.30924447e-01
 1.03817321e+00 -5.65397494e-01 7.30924447e-01
 1.15301816e+00 3.06276107e-01 -6.55755716e-01
 -1.15301816e+00 -3.06276107e-01 6.55755716e-01
 1.11738286e+00 -3.69636561e-01 -9.71873348e-01
 1.10392904e+00 7.04450013e-01 1.03532460e+00
 -1.11738286e+00 3.69636561e-01 9.71873348e-01
 -1.10392904e+00 -7.04450013e-01 -1.03532460e+00
 -1.00148412e+00 -3.24929151e-01 3.05200465e-01
 1.00148412e+00 3.24929151e-01 -3.05200465e-01
 3.50164516e-01 3.06996980e-01 5.40685103e-01
 -3.50164516e-01 -3.06996980e-01 -5.40685103e-01
 -6.34775290e-01 -1.29201689e+00 -1.13221446e+00
 6.34775290e-01 1.29201689e+00 1.13221446e+00
 4.98793640e-01 -7.39387847e-01 -2.19074773e-01
 -4.98793640e-01 7.39387847e-01 2.19074773e-01
 -5.17383258e-01 2.38997559e-01 1.53457477e+00
 1.02050538e+00 -4.91577185e-01 -1.11336733e-01
 5.17383258e-01 -2.38997559e-01 -1.53457477e+00
 1.03147174e+00 -6.41440749e-01 -1.91204976e+00
 -1.02050538e+00 4.91577185e-01 1.11336733e-01
 -1.03147174e+00 6.41440749e-01 1.91204976e+00
 -5.57503579e-02 -4.19154089e-01 -6.84064740e-01
 5.57503579e-02 4.19154089e-01 6.84064740e-01
 -7.77101435e-01 -8.75633923e-01 1.42759929e+00
 -2.09251019e-15 -8.37004077e-17 -3.17454396e-16
 7.77101435e-01 8.75633923e-01 -1.42759929e+00
 3.22160210e-01 7.40946446e-01 -2.11915901e+00
 9.98493882e-01 -2.93001692e-01 -3.29799629e-01
 -3.22160210e-01 -7.40946446e-01 2.11915901e+00
 6.18564444e-16 -7.07767178e-16 3.10298662e-16
 2.28203009e-01 5.84360311e-01 4.02630884e-01
 -2.28203009e-01 -5.84360311e-01 -4.02630884e-01
 7.19116066e-01 -8.11739644e-01 1.20194366e+00
 -9.98493882e-01 2.93001692e-01 3.29799629e-01
 -7.19116066e-01 8.11739644e-01 -1.20194366e+00
 3.71297301e-01 -6.75094049e-01 1.04136963e+00
 -3.71297301e-01 6.75094049e-01 -1.04136963e+00
 5.35189315e-01 1.43634349e+00 8.35014484e-02
 -5.35189315e-01 -1.43634349e+00 -8.35014484e-02
 8.34589262e-01 -8.55605849e-01 4.68714793e-01
 -8.34589262e-01 8.55605849e-01 -4.68714793e-01
 1.74582022e-01 -8.10596724e-02 9.40308487e-01
 -1.74582022e-01 8.10596724e-02 -9.40308487e-01
 6.18013788e-01 -8.85706719e-01 -6.39583413e-01
 4.73182741e-01 1.48787026e+00 -7.12684420e-01
 -4.73182741e-01 -1.48787026e+00 7.12684420e-01
 2.12882431e-01 -3.64773470e-01 -8.06427869e-01
 -6.18013788e-01 8.85706719e-01 6.39583413e-01
 -2.12882431e-01 3.64773470e-01 8.06427869e-01
 5.57195838e-01 6.07994404e-01 1.12513444e+00
 -5.57195838e-01 -6.07994404e-01 -1.12513444e+00
 4.69842600e-01 -7.25034210e-01 -6.20804493e-02
 -4.69842600e-01 7.25034210e-01 6.20804493e-02
 3.76931557e-01 -2.89474596e-01 9.77974428e-01
 -3.76931557e-01 2.89474596e-01 -9.77974428e-01
 6.03274900e-01 1.02411714e+00 -1.34447157e-02
 6.18630977e-01 7.84216264e-01 2.15762962e+00
 4.20600518e-03 1.26780233e+00 1.00183096e+00
 -4.20600518e-03 -1.26780233e+00 -1.00183096e+00
 -6.03274900e-01 -1.02411714e+00 1.34447157e-02
 -6.18630977e-01 -7.84216264e-01 -2.15762962e+00
 -5.51045950e-01 6.97675413e-01 -1.51845757e-01
 5.51045950e-01 -6.97675413e-01 1.51845757e-01
 2.09503432e-01 -7.36677671e-01 -2.32025504e-01
 -2.09503432e-01 7.36677671e-01 2.32025504e-01
 2.51812027e-01 1.34050923e-01 -4.57993748e-01
 -2.51812027e-01 -1.34050923e-01 4.57993748e-01
 -6.89800327e-02 -1.59581764e+00 -1.20748655e+00
 6.89800327e-02 1.59581764e+00 1.20748655e+00
 -4.58341492e-01 -4.59711161e-01 4.48520343e-01
 -2.67105801e-01 2.43961858e-01 -7.78564436e-01
 4.58341492e-01 4.59711161e-01 -4.48520343e-01
 2.67105801e-01 -2.43961858e-01 7.78564436e-01
 -3.08294905e-01 -3.43078937e-01 6.95100928e-01
 -3.04526125e-01 -8.04772758e-01 1.33068746e-01
 3.04526125e-01 8.04772758e-01 -1.33068746e-01
 3.08294905e-01 3.43078937e-01 -6.95100928e-01
 -2.93360126e-01 -2.71728078e-01 5.66227029e-01
 -2.88593196e-01 -3.94476776e-01 -4.60056152e-01
 -6.34566888e-02 9.27837087e-01 3.37755210e-01
 2.88593196e-01 3.94476776e-01 4.60056152e-01
 2.93360126e-01 2.71728078e-01 -5.66227029e-01
 6.34566888e-02 -9.27837087e-01 -3.37755210e-01
 -2.12285742e-01 3.67610883e-01 -5.34130921e-01
 2.12285742e-01 -3.67610883e-01 5.34130921e-01
 -2.61670258e-02 1.29444145e+00 -9.42367937e-01
 2.61670258e-02 -1.29444145e+00 9.42367937e-01
 1.05465766e-16 -2.89980713e-15 1.89224450e-15
 -1.51978347e-02 -1.69336514e-01 -9.63846451e-01
 1.51978347e-02 1.69336514e-01 9.63846451e-01
 7.74586219e-17 -7.81692826e-16 2.92721712e-15
 -1.33382303e-17 4.40281117e-17 5.27221000e-17
