 0.00000000e+00 0.00000000e+00 -1.33894309e-17
 0.00000000e+00 0.00000000e+00 -2.20911313e-16
 0.00000000e+00 0.00000000e+00 0.00000000e+00
 -4.21613930e+00 9.87095215e-01 -6.34471626e-01
 -4.21613930e+00 9.87095215e-01 -6.34471626e-01
 2.07148407e+00 5.41068839e+00 2.51294542e-01
 2.07148407e+00 5.41068839e+00 2.51294542e-01
 1.66875799e-02 -8.68077863e-01 3.28784617e-01
 5.00487740e-01 -3.22948997e-01 7.24724931e-01
 1.66875799e-02 -8.68077863e-01 3.28784617e-01
 5.00487740e-01 -3.22948997e-01 7.24724931e-01
 5.08632461e-01 -7.77641034e-01 -3.61252314e-01
 5.08632461e-01 -7.77641034e-01 -3.61252314e-01
 -1.26662395e+00 -1.14576559e-01 6.03722922e-02
 -1.26662395e+00 -1.14576559e-01 6.03722922e-02
 -1.81268822e+00 7.06494445e-01 -1.72837854e-01
 -1.81268822e+00 7.06494445e-01 -1.72837854e-01
 1.22590447e+00 3.42245954e+00 -1.23732431e-01
 1.22590447e+00 3.42245954e+00 -1.23732431e-01
 -1.55795406e+00 9.08088509e-01 6.00752775e-01
 -1.55795406e+00 9.08088509e-01 6.00752775e-01
 6.87060027e-02 -3.88458704e-01 7.64971915e-01
 6.87060027e-02 -3.88458704e-01 7.64971915e-01
 1.54946706e+00 -1.55548203e+00 -1.23863996e-01
 1.54946706e+00 -1.55548203e+00 -1.23863996e-01
 -1.46774549e+00 1.35853340e+00 4.29119788e-01
 -1.46774549e+00 1.35853340e+00 4.29119788e-01
 -1.87878540e-01 -1.12984551e+00 -2.25143815e+00
 -1.87878540e-01 -1.12984551e+00 -2.25143815e+00
 2.97783731e-01 -1.38857212e+00 2.21466580e-01
 2.97783731e-01 -1.38857212e+00 2.21466580e-01
 -1.30121207e+00 6.95828889e-01 -1.68861134e-01
 -1.30121207e+00 6.95828889e-01 -1.68861134e-01
 1.62084266e+00 8.70875240e-02 -9.30053684e-01
 1.62084266e+00 8.70875240e-02 -9.30053684e-01
 7.25413733e-02 -7.58392103e-01 -1.08218589e-01
 7.25413733e-02 -7.58392103e-01 -1.08218589e-01
 1.57402852e+00 9.98127856e-01 -2.09948502e+00
 1.57402852e+00 9.98127856e-01 -2.09948502e+00
 3.00238652e-01 -6.19801971e-01 -8.54094432e-01
 3.00238652e-01 -6.19801971e-01 -8.54094432e-01
 -1.14673908e+00 -4.70265231e-01 3.39438673e-01
 -1.32565733e+00 1.33175364e+00 -1.46124787e+00
 -1.32565733e+00 1.33175364e+00 -1.46124787e+00
 -1.14673908e+00 -4.70265231e-01 3.39438673e-01
 -1.34082004e+00 -5.15837283e+00 -4.07546585e-01
 7.75828788e-01 1.42629155e+00 -1.74541400e-01
 7.75828788e-01 1.42629155e+00 -1.74541400e-01
 -5.81730292e-01 6.68130863e-01 1.55616009e+00
 -5.81730292e-01 6.68130863e-01 1.55616009e+00
 -4.93934592e-01 3.75494933e-01 1.86339492e+00
 -5.25278036e-01 7.56747133e-01 -6.99871579e-01
 -4.93934592e-01 3.75494933e-01 1.86339492e+00
 -5.25278036e-01 7.56747133e-01 -6.99871579e-01
 -6.08494950e-01 -1.87963227e-01 -7.48680408e-01
 -6.08494950e-01 -1.87963227e-01 -7.48680408e-01
 -1.14827071e+00 9.78861543e-01 6.65112445e-02
 -1.14827071e+00 9.78861543e-01 6.65112445e-02
 1.07076022e+00 -3.49298050e-01 -6.11072557e-01
 1.07076022e+00 -3.49298050e-01 -6.11072557e-01
 -1.03960858e+00 2.94758062e-01 -6.96577247e-01
 -1.03960858e+00 2.94758062e-01 -6.96577247e-01
 1.07939917e+00 -1.17374080e+00 1.07785584e-01
 -3.63103515e-01 3.13250515e-01 -2.76228571e+00
 1.07939917e+00 -1.17374080e+00 1.07785584e-01
 -3.24293938e-01 5.71083253e-01 -1.38102228e+00
 -3.63103515e-01 3.13250515e-01 -2.76228571e+00
 -3.24293938e-01 5.71083253e-01 -1.38102228e+00
 1.26863976e+00 -2.76324400e-01 1.22473856e+00
 1.26863976e+00 -2.76324400e-01 1.22473856e+00
 7.55896213e-01 7.12356975e-01 -6.79314688e-01
 1.25405814e+00 6.35154306e-01 -1.21600904e+00
 7.55896213e-01 7.12356975e-01 -6.79314688e-01
 -1.02949536e+00 -1.07297061e+00 3.61592658e-01
 1.50879279e-01 -1.26928021e+00 3.11095434e-01
 -1.02949536e+00 -1.07297061e+00 3.61592658e-01
 1.21316260e+00 1.37933534e+00 4.28676823e-01
 1.11822094e+00 -3.52520929e-01 -1.94253608e+00
 1.11822094e+00 -3.52520929e-01 -1.94253608e+00
 7.67555845e-01 -1.30276674e+00 3.14970349e-01
 1.50879279e-01 -1.26928021e+00 3.11095434e-01
 7.67555845e-01 -1.30276674e+00 3.14970349e-01
 -9.09365237e-01 -9.94645061e-02 3.95049273e-01
 -9.09365237e-01 -9.94645061e-02 3.95049273e-01
 -7.67251613e-01 4.31910982e-01 -5.10483160e-01
 -7.67251613e-01 4.31910982e-01 -5.10483160e-01
 -2.48516536e-01 9.63229300e-01 1.63722799e+00
 -2.48516536e-01 9.63229300e-01 1.63722799e+00
 9.63195765e-01 6.33604860e-01 1.39946347e-01
 9.63195765e-01 6.33604860e-01 1.39946347e-01
 -5.67277819e-01 -4.00706654e-01 -1.15916069e+00
 -7.18381677e-01 4.60297250e-01 1.07753097e+00
 -7.18381677e-01 4.60297250e-01 1.07753097e+00
 8.87464933e-01 6.01799967e-02 7.63471262e-01
 -5.67277819e-01 -4.00706654e-01 -1.15916069e+00
 8.87464933e-01 6.01799967e-02 7.63471262e-01
 5.95513593e-01 1.17931139e+00 -3.50748032e-01
 5.95513593e-01 1.17931139e+00 -3.50748032e-01
 6.83613074e-01 1.21309514e+00 1.64672895e+00
 6.83613074e-01 1.21309514e+00 1.64672895e+00
 7.13676972e-01 -1.16619336e+00 5.60132129e-01
 7.13676972e-01 -1.16619336e+00 5.60132129e-01
 -3.46368150e-01 -2.73452766e-01 1.36618387e+00
 2.13532213e-01 -1.29771750e+00 4.92116599e-01
 -7.35867304e-01 -2.59817543e-01 1.02245182e+00
 -7.35867304e-01 -2.59817543e-01 1.02245182e+00
 -3.46368150e-01 -2.73452766e-01 1.36618387e+00
 2.13532213e-01 -1.29771750e+00 4.92116599e-01
 -1.82626701e-01 -6.14359220e-02 -1.07280464e+00
 -1.82626701e-01 -6.14359220e-02 -1.07280464e+00
 5.86194657e-01 -2.33155176e+00 8.94880426e-01
 5.86194657e-01 -2.33155176e+00 8.94880426e-01
 5.57097237e-01 5.81496371e-01 -3.58994116e-01
 5.57097237e-01 5.81496371e-01 -3.58994116e-01
 -5.22118983e-01 -8.20977522e-01 7.25270761e-01
 -5.22118983e-01 -8.20977522e-01 7.25270761e-01
 -2.01155622e-03 -6.02285585e-01 -3.42373825e-01
 -3.78862242e-01 -1.03117688e-01 5.66732900e-01
 -2.01155622e-03 -6.02285585e-01 -3.42373825e-01
 -3.78862242e-01 -1.03117688e-01 5.66732900e-01
 -2.67077810e-01 -8.07313107e-01 -8.20052528e-01
 3.58914219e-01 2.17802347e-01 4.23924663e-01
 3.58914219e-01 2.17802347e-01 4.23924663e-01
 -2.67077810e-01 -8.07313107e-01 -8.20052528e-01
 2.07147771e-01 3.87007243e-01 -2.16126112e-01
 -2.18555053e-02 -1.88622247e-01 -5.75958694e-01
 -3.12320501e-01 -8.06041777e-01 -1.02484593e+00
 -2.18555053e-02 -1.88622247e-01 -5.75958694e-01
 2.07147771e-01 3.87007243e-01 -2.16126112e-01
 -3.12320501e-01 -8.06041777e-01 -1.02484593e+00
 -1.90967752e-01 8.48325212e-01 4.59012001e-01
 -1.90967752e-01 8.48325212e-01 4.59012001e-01
 3.36150362e-01 -3.00020902e-01 -5.60638194e-01
 3.36150362e-01 -3.00020902e-01 -5.60638194e-01
 3.21903869e-01 -2.29561482e+00 1.87825607e+00
 1.82260168e-01 -1.41235456e+00 5.90871439e-01
 1.82260168e-01 -1.41235456e+00 5.90871439e-01
 1.96305920e-01 -8.99285703e-01 -1.82723917e+00
 -2.47665934e-15 -1.63801691e-15 3.16654751e-15
