 1.34907376e+01
 1.16741473e+01
 1.00126996e+01
 9.82906231e+00
 9.72443148e+00
 8.71405382e+00
 8.28695361e+00
 7.17825795e+00
 7.11475635e+00
 6.72321228e+00
 6.15306490e+00
 5.89237739e+00
 5.43797249e+00
 5.09942407e+00
 4.93965716e+00
 4.40587066e+00
 4.18729073e+00
 4.09136487e+00
 4.03747051e+00
 4.09623274e+00
 3.14622235e+00
 3.12808150e+00
 2.99624194e+00
 2.91346879e+00
 2.76413194e+00
 2.59085650e+00
 2.42423969e+00
 2.17541307e+00
 1.96836113e+00
 1.83416287e+00
 1.72938005e+00
 1.70166541e+00
 1.58291371e+00
 1.54878111e+00
 1.57441776e+00
 1.29877614e+00
 1.09843816e+00
 1.20235216e+00
 9.35192517e-01
 8.40889370e-01
 7.37235826e-01
 4.76521544e-01
 3.95734744e-01
 2.68013215e-01
 1.97575776e-01
 1.38383525e+01
 1.19291862e+01
 1.03461457e+01
 1.00806315e+01
 1.00126889e+01
 9.21411484e+00
 8.38516975e+00
 7.23163385e+00
 7.20646006e+00
 6.77403042e+00
 6.18633739e+00
 6.10415247e+00
 5.74834706e+00
 5.44911571e+00
 4.85456237e+00
 4.55850315e+00
 4.46312663e+00
 4.28197747e+00
 4.16932512e+00
 3.73051954e+00
 3.61389680e+00
 3.29606704e+00
 3.26651058e+00
 3.12147616e+00
 2.97358720e+00
 2.63435382e+00
 2.49758569e+00
 2.41460388e+00
 2.03872008e+00
 1.87877859e+00
 1.76694817e+00
 1.76292549e+00
 1.67781165e+00
 1.62686724e+00
 1.56159970e+00
 1.30426868e+00
 1.23879902e+00
 1.10541019e+00
 1.03826416e+00
 9.38019177e-01
 8.44427864e-01
 7.37576111e-01
 4.77740139e-01
 3.97291000e-01
 2.68117644e-01
 2.13784229e-01
 1.21654896e-01
 1.92666844e+01
 1.38921109e+01
 1.21331042e+01
 1.15460598e+01
 1.06298237e+01
 9.58999921e+00
 8.39608783e+00
 8.08862841e+00
 7.67181612e+00
 7.11480004e+00
 6.69509607e+00
 6.33884084e+00
 5.59482668e+00
 5.06105209e+00
 4.96433387e+00
 4.83920086e+00
 4.80388497e+00
 4.54245135e+00
 4.19995508e+00
 4.06584995e+00
 3.77795944e+00
 3.61793175e+00
 3.50684667e+00
 3.41644082e+00
 3.03060323e+00
 2.85659012e+00
 2.76407406e+00
 2.42764087e+00
 2.37058474e+00
 2.16233589e+00
 2.12359342e+00
 1.90098549e+00
 1.87853603e+00
 1.71329050e+00
 1.66379053e+00
 1.57195571e+00
 1.47630477e+00
 1.33536874e+00
 1.32839197e+00
 1.26423820e+00
 1.22111671e+00
 1.20600592e+00
 9.04654492e-01
 8.37066477e-01
 6.22409246e-01
 8.58599141e-01
 4.34481968e-01
 1.92873015e+01
 1.39074321e+01
 1.21212912e+01
 1.16496027e+01
 1.06371630e+01
 9.59251614e+00
 8.38600556e+00
 8.08598885e+00
 7.62465293e+00
 7.13660112e+00
 6.70843858e+00
 6.28952958e+00
 5.54688721e+00
 5.09825668e+00
 4.96748899e+00
 4.83573352e+00
 4.81004184e+00
 4.55718087e+00
 4.19299616e+00
 4.10159519e+00
 3.77996600e+00
 3.62228921e+00
 3.50765569e+00
 3.41629183e+00
 3.03355991e+00
 2.85420697e+00
 2.74883582e+00
 2.43550247e+00
 2.35257359e+00
 2.20513612e+00
 2.13503134e+00
 1.90040909e+00
 1.87884129e+00
 1.70900387e+00
 1.67474736e+00
 1.56435015e+00
 1.50572834e+00
 1.33581063e+00
 1.32774355e+00
 1.26502866e+00
 1.22105645e+00
 1.20195010e+00
 9.09400203e-01
 8.65858617e-01
 7.04610985e-01
 6.26579955e-01
 4.40958000e-01
 -2.16573903e+01
 1.91802258e+01
 1.73901649e+01
 1.70080433e+01
 1.57810667e+01
 1.53682905e+01
 1.52691324e+01
 1.38075870e+01
 1.25041641e+01
 1.15223800e+01
 1.13349144e+01
 9.64135384e+00
 -9.47505003e+00
 -9.22060375e+00
 8.47790349e+00
 -8.02939815e+00
 -7.67462556e+00
 -7.23952498e+00
 -6.98446174e+00
 -6.44576439e+00
 6.05588631e+00
 -5.88609900e+00
 -5.56275250e+00
 -5.47099041e+00
 5.30802864e+00
 4.71867525e+00
 4.49531347e+00
 -3.93484826e+00
 3.51864396e+00
 3.47830291e+00
 -3.04235406e+00
 -2.98856420e+00
 -2.93141619e+00
 -2.42428329e+00
 -2.37027298e+00
 -2.27398253e+00
 -1.90456762e+00
 1.85148773e+00
 -1.71905320e+00
 1.68854487e+00
 1.59627801e+00
 -1.58268815e+00
 1.27604513e+00
 -1.08565141e+00
 5.58480547e-01
 5.01871632e-01
 -2.86590346e-01
 4.23689762e-02
 2.16573903e+01
 1.91802258e+01
 1.73901649e+01
 1.70080433e+01
 1.57810667e+01
 -1.53682905e+01
 1.52691324e+01
 1.38075870e+01
 1.25041641e+01
 1.15223800e+01
 1.13349144e+01
 9.64135384e+00
 -9.47505003e+00
 -9.22060375e+00
 8.47790349e+00
 -8.02939815e+00
 -7.67462556e+00
 -7.23952498e+00
 -6.98446174e+00
 -6.44576439e+00
 6.05588631e+00
 5.88609900e+00
 -5.56275250e+00
 -5.47099041e+00
 5.30802864e+00
 -4.71867525e+00
 4.49531347e+00
 3.93484826e+00
 -3.51864396e+00
 3.47830291e+00
 -3.04235406e+00
 -2.98856420e+00
 -2.93141619e+00
 2.42428329e+00
 -2.37027298e+00
 -2.27398253e+00
 -1.90456762e+00
 -1.85148773e+00
 1.71905320e+00
 -1.68854487e+00
 1.59627801e+00
 -1.58268815e+00
 1.27604513e+00
 -1.08565141e+00
 -5.58480547e-01
 -5.01871632e-01
 -2.86590346e-01
 4.23689762e-02
 -1.10905365e+01
 -1.01668999e+01
 9.70786921e+00
 8.87399019e+00
 -7.29630460e+00
 -7.28187128e+00
 -7.13355835e+00
 -6.54493919e+00
 -6.47442362e+00
 -6.32676436e+00
 5.82878229e+00
 5.60330960e+00
 -5.18709654e+00
 5.04645882e+00
 4.10485238e+00
 -3.94726903e+00
 3.85245714e+00
 3.67573205e+00
 -3.56884068e+00
 -3.51911303e+00
 3.44833802e+00
 3.22294511e+00
 -2.70065937e+00
 2.60237896e+00
 -2.31778132e+00
 -2.21433841e+00
 -1.79355648e+00
 -1.61677866e+00
 -1.53998436e+00
 1.49732145e+00
 1.40049442e+00
 -1.38153451e+00
 -1.32648932e+00
 -1.24059200e+00
 -1.21844391e+00
 -1.18559119e+00
 -1.17981373e+00
 1.03815458e+00
 8.65925934e-01
 -8.02838070e-01
 7.44791080e-01
 -6.20508485e-01
 -5.33382315e-01
 -2.34922037e-01
 -1.37104180e-01
 -8.56492515e-02
 -8.20933832e-02
 2.41252098e-02
 1.10905365e+01
 1.01668999e+01
 9.70786921e+00
 -8.87399019e+00
 -7.29630460e+00
 -7.28187128e+00
 -7.13355835e+00
 -6.54493919e+00
 -6.47442362e+00
 -6.32676436e+00
 5.82878229e+00
 5.60330960e+00
 -5.18709654e+00
 5.04645882e+00
 4.10485238e+00
 -3.94726903e+00
 3.85245714e+00
 3.67573205e+00
 -3.56884068e+00
 -3.51911303e+00
 3.44833802e+00
 3.22294511e+00
 -2.70065937e+00
 2.60237896e+00
 -2.31778132e+00
 -2.21433841e+00
 -1.79355648e+00
 -1.61677866e+00
 -1.53998436e+00
 1.49732145e+00
 1.40049442e+00
 -1.38153451e+00
 -1.32648932e+00
 -1.24059200e+00
 -1.21844391e+00
 -1.18559119e+00
 -1.17981373e+00
 1.03815458e+00
 8.65925934e-01
 -8.02838070e-01
 7.44791080e-01
 -6.20508485e-01
 -5.33382315e-01
 -2.34922037e-01
 -1.37104180e-01
 -8.56492515e-02
 -8.20933832e-02
 2.41252098e-02
