 3.66742416e+01
 3.29813961e+01
 3.20055923e+01
 3.10439495e+01
 2.81886194e+01
 2.57636160e+01
 2.42765710e+01
 2.37695649e+01
 2.28302253e+01
 2.10805480e+01
 1.86422857e+01
 1.71991927e+01
 1.61144036e+01
 1.48408340e+01
 1.37585041e+01
 1.28831194e+01
 1.26783059e+01
 1.14357699e+01
 1.08432079e+01
 1.03178775e+01
 8.48950388e+00
 8.09053461e+00
 7.99630097e+00
 7.16672388e+00
 6.39830924e+00
 6.12838078e+00
 5.50976790e+00
 4.52738209e+00
 4.07229521e+00
 3.92110622e+00
 3.63027332e+00
 3.45092199e+00
 3.42920282e+00
 3.56530970e+00
 3.10964460e+00
 3.27183965e+00
 2.40695059e+00
 1.57574053e+00
 1.38991722e+00
 1.14676016e+00
 9.82490214e-01
 6.13626856e-01
 3.47431327e-01
 3.70405184e+01
 3.39963126e+01
 3.27971930e+01
 3.15285925e+01
 2.83136326e+01
 2.59141626e+01
 2.46642123e+01
 2.43673668e+01
 2.32207347e+01
 2.17354534e+01
 1.97035856e+01
 1.78223059e+01
 1.67604469e+01
 1.67025272e+01
 1.40421272e+01
 1.34878880e+01
 1.29514639e+01
 1.21630734e+01
 1.14000441e+01
 1.07871938e+01
 9.27596324e+00
 8.79794439e+00
 8.24678738e+00
 7.57755190e+00
 6.82674747e+00
 6.21510283e+00
 5.95967078e+00
 4.51218643e+00
 4.30071043e+00
 4.15701854e+00
 4.07492850e+00
 4.00057641e+00
 3.58566461e+00
 3.51839633e+00
 3.43652152e+00
 2.99659908e+00
 2.45747232e+00
 1.92365882e+00
 1.50122574e+00
 1.21534861e+00
 1.14400326e+00
 1.11606519e+00
 9.36746228e-01
 6.23638570e-01
 4.84067383e-01
 3.68851517e-01
 3.28854527e-01
 2.59202812e-01
 2.49399278e+01
 2.35455364e+01
 2.16737088e+01
 2.09560610e+01
 1.83871490e+01
 1.68352103e+01
 1.56747967e+01
 1.50969664e+01
 1.34372044e+01
 1.30579918e+01
 1.21950245e+01
 1.07159156e+01
 1.05237680e+01
 8.77509898e+00
 8.47258765e+00
 8.09798941e+00
 7.09316471e+00
 6.65020065e+00
 6.35691544e+00
 5.93518882e+00
 5.80906430e+00
 5.34865921e+00
 4.82343102e+00
 3.52876035e+00
 3.41546338e+00
 2.84252180e+00
 2.66353016e+00
 2.47865097e+00
 2.30724470e+00
 2.27555893e+00
 1.86689425e+00
 1.61206288e+00
 1.41652037e+00
 1.10598455e+00
 1.01450835e+00
 8.11900905e-01
 7.29452301e-01
 9.91137990e-01
 4.90942381e-01
 5.06022993e-01
 3.96908656e-01
 3.28812872e-01
 3.57803567e-01
 2.38634890e-01
 2.49799920e+01
 2.35633013e+01
 2.17870856e+01
 2.09501381e+01
 1.79753322e+01
 1.70113009e+01
 1.66185035e+01
 1.50166497e+01
 1.34844986e+01
 1.29387996e+01
 1.22046529e+01
 1.14044526e+01
 1.07918262e+01
 8.81754024e+00
 8.60925382e+00
 7.83055071e+00
 7.38275542e+00
 6.76817679e+00
 6.49946488e+00
 6.31027678e+00
 5.71774311e+00
 5.52459901e+00
 4.75489188e+00
 3.51624200e+00
 3.42867819e+00
 2.97183655e+00
 2.74883150e+00
 2.61517811e+00
 2.31606111e+00
 2.25867325e+00
 2.23983714e+00
 1.66117635e+00
 1.61390842e+00
 1.28620060e+00
 1.16691932e+00
 1.09076950e+00
 7.33702927e-01
 6.77878334e-01
 5.15883271e-01
 4.81818839e-01
 5.96255918e-01
 3.45073739e-01
 3.16395714e-01
 2.57597480e-01
 -2.55233279e-01
 2.43530579e+01
 2.37611337e+01
 2.23203924e+01
 2.09656817e+01
 1.93648119e+01
 1.85496170e+01
 1.72202659e+01
 1.62896805e+01
 1.58433961e+01
 1.52926292e+01
 1.39359705e+01
 1.32977389e+01
 1.20438250e+01
 1.12358573e+01
 1.01890938e+01
 9.60048451e+00
 9.08425562e+00
 7.90395133e+00
 7.49167558e+00
 6.84176493e+00
 6.38664478e+00
 6.51300436e+00
 5.68010776e+00
 5.09737854e+00
 4.70227135e+00
 4.59642054e+00
 4.25481231e+00
 3.56291266e+00
 3.03725448e+00
 2.74448385e+00
 2.48917992e+00
 2.11753506e+00
 1.89060136e+00
 1.76886278e+00
 1.31624608e+00
 1.28122061e+00
 1.18469225e+00
 1.13007185e+00
 9.32724302e-01
 8.20086741e-01
 6.50655199e-01
 6.42487498e-01
 3.82292237e-01
 3.08011534e-01
 1.33437431e-01
 1.13676865e-01
 1.33560664e-01
 2.44108503e+01
 2.38317449e+01
 2.23734124e+01
 2.10727064e+01
 1.93648557e+01
 1.85675852e+01
 1.72658386e+01
 1.62962701e+01
 1.60115995e+01
 1.53037971e+01
 1.40042287e+01
 1.34638822e+01
 1.20714339e+01
 1.12462145e+01
 1.02584303e+01
 9.72118973e+00
 9.16510675e+00
 8.00664204e+00
 7.58077291e+00
 6.58755337e+00
 6.40287818e+00
 6.25855729e+00
 5.75095208e+00
 5.43220057e+00
 4.52348807e+00
 4.36321462e+00
 3.81240876e+00
 3.56219469e+00
 3.13531268e+00
 2.79746587e+00
 2.33172983e+00
 2.16031030e+00
 1.92036053e+00
 1.77062884e+00
 1.39545380e+00
 1.31693222e+00
 1.15262888e+00
 1.08956627e+00
 9.47491207e-01
 8.94690796e-01
 6.95025365e-01
 6.59641059e-01
 5.33735331e-01
 3.83336314e-01
 2.54269926e-01
 1.41598385e-01
 1.29448304e-01
 1.13493108e-01
 2.15180383e+01
 1.94818493e+01
 1.57463275e+01
 1.54816426e+01
 1.43589156e+01
 1.31586094e+01
 1.24236813e+01
 1.23188337e+01
 1.16402821e+01
 1.12850585e+01
 1.08171153e+01
 9.17817840e+00
 8.64513467e+00
 7.98953603e+00
 7.56706380e+00
 6.92579214e+00
 6.59925268e+00
 5.68762513e+00
 5.10139615e+00
 4.96033720e+00
 4.81342119e+00
 4.66613093e+00
 3.96514622e+00
 3.59162812e+00
 3.21304837e+00
 2.82058635e+00
 2.66976326e+00
 2.57997061e+00
 2.46108393e+00
 2.18605014e+00
 2.07882058e+00
 2.06760098e+00
 1.91643632e+00
 1.76130206e+00
 1.60194449e+00
 1.41970278e+00
 1.36531258e+00
 1.33195040e+00
 1.23994746e+00
 1.16553929e+00
 1.06557739e+00
 8.64758744e-01
 7.06396722e-01
 5.99475639e-01
 5.87328328e-01
 2.67105990e-01
 2.02114114e-01
 -2.15824512e+01
 -1.94765583e+01
 -1.58030337e+01
 1.54768001e+01
 1.43936623e+01
 1.32137431e+01
 1.24313776e+01
 -1.23239915e+01
 1.16963441e+01
 1.12922749e+01
 -1.08364744e+01
 9.17977650e+00
 -8.68485624e+00
 7.99948714e+00
 -7.65435850e+00
 6.92487413e+00
 -6.59909466e+00
 5.72613208e+00
 -5.11495337e+00
 4.96011933e+00
 -4.89132558e+00
 -4.67906182e+00
 3.96727514e+00
 3.62171397e+00
 -3.28594068e+00
 -2.84212124e+00
 2.72614045e+00
 -2.67323028e+00
 2.49877456e+00
 -2.19087340e+00
 2.13378845e+00
 -2.07646085e+00
 1.93410313e+00
 1.80407437e+00
 -1.60532141e+00
 1.49421089e+00
 -1.38828751e+00
 1.33374085e+00
 1.25038515e+00
 1.17471633e+00
 -1.06902102e+00
 -8.68411923e-01
 -7.41853513e-01
 -6.03622220e-01
 -5.87362034e-01
 -3.84902281e-01
 -2.67097500e-01
 -2.02113933e-01
