 0.00000000e+00 0.00000000e+00 0.00000000e+00 1.41721450e-16
 1.10325714e+01 9.95041594e-01 9.23586858e-02 -6.30396343e-02
 4.56817847e-01 1.81743312e-01 1.07196347e-01 3.48890160e-01
 4.56817847e-01 1.81743312e-01 1.07196347e-01 3.48890160e-01
 -4.74698298e+00 -4.51797500e-01 -9.79750414e-01 1.17997191e+00
 -4.61891469e+00 1.02688767e+00 1.17199765e+00 1.06048456e+00
 -4.60337434e+00 1.04770635e-01 -1.69563838e-01 -1.40966436e-01
 -4.60337434e+00 1.04770635e-01 -1.69563838e-01 -1.40966436e-01
 3.57991849e+00 5.60797025e-01 4.05207203e-01 -3.67163914e-02
 3.57991849e+00 5.60797025e-01 4.05207203e-01 -3.67163894e-02
 3.92712614e+00 -1.90886034e+00 -1.20092745e-01 -1.99165755e+00
 3.44010501e+00 3.62773854e-01 3.45926046e+00 3.73461462e-01
 -1.52761241e+00 2.71297816e-01 5.26890651e-01 1.11351151e+00
 -1.52761241e+00 2.71297816e-01 5.26890651e-01 1.11351151e+00
 -2.62565725e+00 4.98284628e-01 5.89305999e-01 1.65378785e-01
 -2.62565725e+00 4.98284628e-01 5.89305999e-01 1.65378827e-01
 -2.94129323e+00 8.83389965e-01 1.18485928e+00 7.54303529e-01
 -2.94129323e+00 8.83389965e-01 1.18485928e+00 7.54303358e-01
 6.15908048e-01 -6.03612323e-01 -9.08779502e-02 -2.23235753e-01
 6.15908048e-01 -6.03612323e-01 -9.08779502e-02 -2.23235754e-01
 2.73227806e+00 7.20680569e-01 -6.45748179e-01 1.28274568e+01
 9.94307184e-01 -9.38025363e-01 5.01127892e-02 -2.50921454e-01
 9.94307184e-01 -9.38025363e-01 5.01127892e-02 -2.50921449e-01
 -4.14044960e-01 -7.56596666e-01 -5.13737712e-01 1.30508603e+00
 -4.14044960e-01 -7.56596666e-01 -5.13737712e-01 1.30508603e+00
 9.73425524e-01 2.00487656e-01 8.92144122e-01 7.49454605e-02
 9.73425524e-01 2.00487656e-01 8.92144122e-01 7.49456479e-02
 -2.39536049e+00 -3.87252344e-01 -1.42700573e+00 9.88786742e-01
 -2.39536049e+00 -3.87252344e-01 -1.42700573e+00 9.88786754e-01
 3.10843842e-01 -1.33974319e-01 8.16868759e-02 6.99529099e-02
 3.10843842e-01 -1.33974319e-01 8.16868759e-02 6.99529577e-02
 1.81609341e-01 1.56111089e-01 -7.81856382e-01 1.04226427e+00
 5.16443629e-01 1.70968641e-01 4.80191948e-01 6.07002577e-01
 1.81609341e-01 1.56111089e-01 -7.81856382e-01 1.04226539e+00
 5.16443629e-01 1.70968641e-01 4.80191948e-01 6.07002518e-01
 -2.21582438e+00 1.89761261e-01 -8.11820490e-01 -5.79401224e-01
 5.60491391e-01 -2.69079892e-01 -3.82374988e-01 2.72066256e-01
 1.66775980e+00 1.24297414e-01 -4.37207895e+00 -3.83728210e-01
 2.19216110e+00 8.66217463e-01 8.25589751e-01 5.51525147e+00
 2.19216110e+00 8.66217463e-01 8.25589751e-01 5.51525144e+00
 1.66775980e+00 1.24297414e-01 -4.37207895e+00 -3.83727713e-01
 5.60491391e-01 -2.69079892e-01 -3.82374988e-01 2.72066237e-01
 1.85051230e+00 1.02013341e-02 2.89946056e-01 5.60218606e-01
 9.15604950e-01 -6.41540634e-01 4.34229647e-01 8.06127906e-01
 1.85051230e+00 1.02013341e-02 2.89946056e-01 5.60218609e-01
 9.15604950e-01 -6.41540634e-01 4.34229647e-01 8.06127957e-01
 -2.00506961e+00 -8.42624167e-01 -5.51955650e-01 -1.32234388e+00
 -5.69101203e-01 5.37967088e-01 2.75633099e-01 4.27268547e-01
 -5.69101203e-01 5.37967088e-01 2.75633099e-01 4.27284050e-01
 1.51620201e+00 -2.95593966e-01 -3.59050861e-02 7.03797330e-01
 -1.03717357e+00 5.50835051e-02 -2.94030132e+00 -1.10795960e-01
 1.51620201e+00 -2.95593966e-01 -3.59050861e-02 7.03804277e-01
 -1.89166068e+00 -1.32867179e+00 4.05645494e+00 -7.24241731e-01
 -1.03717357e+00 5.50835051e-02 -2.94030132e+00 -1.10798094e-01
 1.84725937e+00 5.22394728e-01 -6.61271781e-01 -6.00288279e+00
 1.77357869e+00 4.71975496e-02 7.29734679e+00 -4.43635876e-01
 6.22272933e-01 -9.21533791e-01 -3.17836084e-02 -4.58304836e-01
 -1.40444362e+00 -4.95691630e-01 6.97837757e-01 8.64922100e-02
 6.22272933e-01 -9.21533791e-01 -3.17836084e-02 -4.58326156e-01
 -1.40444362e+00 -4.95691630e-01 6.97837757e-01 8.64928519e-02
 7.92217813e-01 1.52235431e+00 8.78538316e-01 -5.74745967e+00
 1.52231566e+00 -2.23426886e+00 -6.13565889e-03 -1.27912665e+00
 1.55139488e+00 -2.40665993e-01 -6.91489749e-01 2.25975915e+00
 1.55139488e+00 -2.40665993e-01 -6.91489749e-01 2.26023977e+00
 1.52231566e+00 -2.23426886e+00 -6.13565889e-03 -1.27915444e+00
 7.92217813e-01 1.52235431e+00 8.78538316e-01 -5.74746634e+00
 -1.22936315e+00 -7.86426939e-02 8.62936337e-01 -5.25201542e-01
 -1.22936315e+00 -7.86426939e-02 8.62936337e-01 -5.25180969e-01
 9.04584478e-02 -5.71063128e-01 -1.80814311e-01 -1.12844394e-01
 -1.48042366e+00 4.61103422e-01 6.63546895e-01 2.04418124e-01
 -1.48042366e+00 4.61103422e-01 6.63546895e-01 2.04681084e-01
 9.04584478e-02 -5.71063128e-01 -1.80814311e-01 -1.12406806e-01
 -1.32674813e+00 3.82088966e-01 -1.16653831e+00 -3.16055051e-01
 -1.32674813e+00 3.82088966e-01 -1.16653831e+00 -3.16046514e-01
 -1.19930002e+00 -3.55329692e-01 8.47925731e-02 1.50743557e+00
 -1.19930002e+00 -3.55329692e-01 8.47925731e-02 1.50743738e+00
 -1.25799288e-01 1.88704712e+00 -2.25593128e-01 5.30456113e-01
 -1.25799288e-01 1.88704712e+00 -2.25593128e-01 5.30454392e-01
 -1.34610104e+00 -1.69179458e+00 4.41915165e+00 -6.45824578e-01
 -1.12430072e+00 -1.02848876e+00 -5.57606418e-01 1.90922740e+00
 -5.86639788e-01 2.53044784e-01 1.29039339e+00 1.10255084e-01
 -1.12430072e+00 -1.02848876e+00 -5.57606418e-01 1.90900631e+00
 1.39101630e-01 -1.46474302e+00 1.11329295e+00 8.31573985e-01
 1.10290973e+00 2.46088178e-01 6.54356528e-01 -5.12802822e-01
 -5.86639788e-01 2.53044784e-01 1.29039339e+00 1.10148120e-01
 1.39101630e-01 -1.46474302e+00 1.11329295e+00 8.31572968e-01
 1.10290973e+00 2.46088178e-01 6.54356528e-01 -5.09616532e-01
 1.25890334e+00 -7.05817940e-02 5.63005740e-01 -4.83153835e-01
 -1.18840925e+00 9.46726048e-01 1.12740046e+00 2.66912026e-01
 -1.18840925e+00 9.46726048e-01 1.12740046e+00 2.65522222e-01
 1.25890334e+00 -7.05817940e-02 5.63005740e-01 -4.83373959e-01
 -2.80816021e-01 -1.86874627e-01 -1.21780992e+00 4.43528141e-01
 1.04954503e-01 4.56443710e-01 4.04274200e-01 1.27601376e-01
 7.51853181e-01 2.48039489e-01 6.90296814e-01 5.73567518e-01
 4.76587792e-01 -8.21542956e-01 7.37152286e-02 -9.93744550e-01
 9.64280603e-01 -5.06026193e-01 5.92724047e-01 2.96836442e+00
 4.51618214e-01 -8.30870001e-01 -7.05697266e-01 7.79095688e-01
 1.28457808e+00 -1.98899638e-01 -1.93271027e+00 1.06085785e+00
 1.24703164e+00 -5.56579108e-02 -1.52069274e+00 9.93494272e-01
 1.24703164e+00 -5.56579108e-02 -1.52069274e+00 9.96734545e-01
 9.64280603e-01 -5.06026193e-01 5.92724047e-01 2.96830923e+00
 7.51853181e-01 2.48039489e-01 6.90296814e-01 5.69229213e-01
 -2.80816021e-01 -1.86874627e-01 -1.21780992e+00 4.43707988e-01
 1.04954503e-01 4.56443710e-01 4.04274200e-01 1.26508751e-01
 -5.93976391e-01 -7.97231743e-02 -4.09777462e-01 -5.00462692e-02
 4.76587792e-01 -8.21542956e-01 7.37152286e-02 -9.93956477e-01
 4.51618214e-01 -8.30870001e-01 -7.05697266e-01 7.77254456e-01
 1.18510622e+00 1.45075825e+00 -6.45332459e-02 -1.09676629e+00
 1.18510622e+00 1.45075825e+00 -6.45332459e-02 -1.09683678e+00
 4.68169145e-01 2.17208608e-01 2.40144016e-01 -5.92135606e-01
 -5.93976391e-01 -7.97231743e-02 -4.09777462e-01 -4.99237610e-02
 4.68169145e-01 2.17208608e-01 2.40144016e-01 -5.91963583e-01
 1.05088369e+00 1.58376525e-01 -6.47867064e-01 -5.27039817e-01
 -3.95719364e-01 1.55027227e+00 -1.16344432e-01 -2.94242862e+00
 6.84264484e-02 -4.62578746e-01 4.58836430e-01 -2.27534531e-01
 -3.95719364e-01 1.55027227e+00 -1.16344432e-01 -2.94235445e+00
 -1.09915220e+00 -4.09819716e-01 8.77197900e-01 1.08044562e-01
 -1.09915220e+00 -4.09819716e-01 8.77197900e-01 1.08798710e-01
 -8.83624174e-01 -4.64671559e-01 -3.22266905e+00 1.37171727e+00
 -8.66630873e-01 -2.30437758e+00 2.75557161e-01 4.42279180e-01
 -1.04265706e+00 6.53432853e-01 -8.93655205e-01 -1.09615122e-01
 -1.04265706e+00 6.53432853e-01 -8.93655205e-01 -1.09813130e-01
 -8.83624174e-01 -4.64671559e-01 -3.22266905e+00 1.37169285e+00
 -8.66630873e-01 -2.30437758e+00 2.75557161e-01 4.42415295e-01
 8.47768400e-01 -9.22796003e-02 6.02739214e-01 7.35646519e-01
 5.20581539e-01 -9.61227514e-01 -1.68802063e-01 -2.29131456e-01
 3.31305959e-01 1.44598520e+00 -1.91534343e-01 -1.41380408e-01
 4.09766061e-02 -9.48176044e-01 -1.66161018e+00 8.13884974e-01
 -6.00164612e-01 1.44233998e-01 7.75978907e-01 -1.45889340e-01
 -9.18057116e-01 -1.86887748e+00 -3.88374520e-01 -1.57234343e+00
 1.09689092e+00 1.66320434e+00 4.78662764e-01 9.35515593e+00
 1.05088369e+00 1.58376525e-01 -6.47867064e-01 -5.27399953e-01
 8.47768400e-01 -9.22796003e-02 6.02739214e-01 7.21545146e-01
 -9.18057116e-01 -1.86887748e+00 -3.88374520e-01 -1.57248794e+00
 -6.00164612e-01 1.44233998e-01 7.75978907e-01 -1.47603908e-01
 5.20581539e-01 -9.61227514e-01 -1.68802063e-01 -2.27877501e-01
 3.31305959e-01 1.44598520e+00 -1.91534343e-01 -1.42185870e-01
 6.84264484e-02 -4.62578746e-01 4.58836430e-01 -2.29553508e-01
 4.09766061e-02 -9.48176044e-01 -1.66161018e+00 8.14161709e-01
 -2.83538676e-01 -8.62449793e-01 -1.93578108e-01 7.29121980e-01
 -2.83538676e-01 -8.62449793e-01 -1.93578108e-01 7.29547417e-01
 1.01744914e+00 -9.95105496e-04 -3.44082155e-01 1.12755764e+00
 1.01744914e+00 -9.95105496e-04 -3.44082155e-01 1.14819329e+00
 1.06563242e+00 -5.82773210e+00 4.23522220e-01 -8.77320349e-01
 5.22099339e-01 5.64884596e-01 2.47041434e-01 1.27082211e+00
 5.22099339e-01 5.64884596e-01 2.47041434e-01 1.27080153e+00
 -9.95020783e-01 -6.40843441e-01 -2.31430082e-01 -2.06229085e+00
 -9.95020783e-01 -6.40843441e-01 -2.31430082e-01 -2.06234462e+00
 -8.71230058e-01 1.04317931e-01 1.33263713e-01 1.46012727e+00
 -8.96716181e-01 1.63064262e-02 1.03122317e+00 3.17294186e-01
 -8.71230058e-01 1.04317931e-01 1.33263713e-01 1.46036582e+00
 -8.96716181e-01 1.63064262e-02 1.03122317e+00 3.16600899e-01
 -3.87451709e-01 -7.74175615e-01 -6.16790209e-01 -3.92300204e-01
 -3.87451709e-01 -7.74175615e-01 -6.16790209e-01 -3.92292555e-01
 8.58721516e-01 -3.66073289e-01 1.82732091e+00 -1.58722314e-01
 8.60311593e-01 -5.60270013e-02 -7.00968227e-01 9.37203278e-01
 8.58721516e-01 -3.66073289e-01 1.82732091e+00 -1.58869594e-01
 8.60311593e-01 -5.60270013e-02 -7.00968227e-01 9.13942066e-01
 4.41811020e-01 3.62450712e-01 -4.19178301e-01 1.11929098e+00
 8.63914378e-01 1.29285721e+00 -8.07906838e-01 3.37501797e-01
 -5.32060400e-01 1.54659269e+00 -1.82900078e-01 -3.23897903e+00
 1.52078415e-01 4.88547976e-01 8.52614672e-01 -1.18097869e+00
 -3.68277061e-01 -9.74015154e-01 2.61599124e-01 8.14762040e-01
 -5.32060400e-01 1.54659269e+00 -1.82900078e-01 -3.23897921e+00
 -3.68277061e-01 -9.74015154e-01 2.61599124e-01 8.15099105e-01
 4.41811020e-01 3.62450712e-01 -4.19178301e-01 1.11956727e+00
 1.52078415e-01 4.88547976e-01 8.52614672e-01 -1.18108276e+00
 8.63914378e-01 1.29285721e+00 -8.07906838e-01 3.37102546e-01
 -9.82630068e-02 -1.22372157e+00 4.42812171e-01 5.75874673e-01
 -1.53809602e-01 -2.39526722e+00 -3.95464597e-01 -3.93075455e-01
 -9.82630068e-02 -1.22372157e+00 4.42812171e-01 5.74492732e-01
 8.40391339e-01 -2.67774904e-01 -9.19451855e-01 9.10606883e-02
 8.40391339e-01 -2.67774904e-01 -9.19451855e-01 9.26059789e-02
 -1.53809602e-01 -2.39526722e+00 -3.95464597e-01 -3.93202894e-01
 -9.10872870e-01 1.94783521e-01 -4.51860875e-01 -7.48114274e-01
 -9.24329739e-01 8.75905655e-01 1.21448637e+00 -1.62931097e-01
 -9.24329739e-01 8.75905655e-01 1.21448637e+00 -1.59999763e-01
 -9.10872870e-01 1.94783521e-01 -4.51860875e-01 -7.52111675e-01
 9.53475036e-01 -2.78199434e-01 6.58951042e-01 9.79886792e-01
 9.53475036e-01 -2.78199434e-01 6.58951042e-01 9.78028100e-01
 -1.45530658e-01 -9.87873750e+00 -4.65506422e-01 8.20901727e-01
 -1.45530658e-01 -9.87873750e+00 -4.65506422e-01 8.20886071e-01
 -2.13335853e-01 -6.76281115e-02 -3.29761373e-01 5.98992074e-01
 -5.25282789e-01 -5.59410927e-01 6.12060503e-01 -1.35345570e+00
 -5.09983605e-01 6.15683886e-01 -1.00882810e+00 -1.10533112e+00
 -5.09983605e-01 6.15683886e-01 -1.00882810e+00 -1.10383537e+00
 -5.25282789e-01 -5.59410927e-01 6.12060503e-01 -1.35349527e+00
 -2.13335853e-01 -6.76281115e-02 -3.29761373e-01 5.99316424e-01
 4.87905353e-01 -7.46029487e-01 1.65863997e+00 -5.60061352e-01
 4.87905353e-01 -7.46029487e-01 1.65863997e+00 -5.60530853e-01
 -1.95763902e-01 1.15491221e+00 -3.22884464e-01 1.96929345e-01
 -4.11513541e-01 -1.13861395e-01 6.99045951e-02 6.71654910e-01
 -3.44235121e-01 6.73190020e-01 2.50673623e+00 6.59164576e-01
 -1.95763902e-01 1.15491221e+00 -3.22884464e-01 1.95898530e-01
 -8.76594546e-01 1.35483108e+00 1.32924664e+00 5.08017147e-01
 -4.11513541e-01 -1.13861395e-01 6.99045951e-02 6.72597135e-01
 -3.44235121e-01 6.73190020e-01 2.50673623e+00 6.58844213e-01
 -4.95304593e-01 -7.61237246e-01 5.30882743e-01 -3.99026757e+00
 -4.95304593e-01 -7.61237246e-01 5.30882743e-01 -3.98928514e+00
 -7.87579913e-01 -1.83739783e-01 3.83782275e-01 1.34875525e+00
 -7.87579913e-01 -1.83739783e-01 3.83782275e-01 1.37467102e+00
 -5.44160712e-01 -3.99568962e-01 1.67317166e+00 6.82276587e-03
 -6.72548260e-01 6.90097939e-01 1.72471707e+00 -4.94720409e-01
 -7.58606398e-01 1.95827415e-01 -7.47214014e-02 2.29536368e+00
 -5.44160712e-01 -3.99568962e-01 1.67317166e+00 4.96872675e-03
 -7.58606398e-01 1.95827415e-01 -7.47214014e-02 2.29990044e+00
 -6.72548260e-01 6.90097939e-01 1.72471707e+00 -4.92975676e-01
 -5.10127443e-01 -7.02286823e-01 5.90419537e-01 -1.42245185e+00
 -3.76679905e-01 5.76227655e-01 -9.57983761e-01 -4.30596238e-02
 -5.10127443e-01 -7.02286823e-01 5.90419537e-01 -1.42277168e+00
 -3.76679905e-01 5.76227655e-01 -9.57983761e-01 -4.30622709e-02
 6.83241032e-01 3.39879559e-01 2.41079960e-01 3.13430726e-01
 8.57270797e-01 -1.31529129e-01 -6.69342630e-01 -7.38146382e-01
 8.57270797e-01 -1.31529129e-01 -6.69342630e-01 -7.38395279e-01
 6.83241032e-01 3.39879559e-01 2.41079960e-01 3.13618005e-01
 4.15835647e-01 2.49305596e-01 -9.09901961e-02 -5.11094433e-01
 4.15835647e-01 2.49305596e-01 -9.09901961e-02 -5.12012017e-01
 -5.19713512e-01 6.89649130e-01 -3.47110579e-01 -1.34894230e+00
 -7.39749514e-01 9.13473440e-01 -8.54141366e-01 -1.54590680e-01
 -5.19713512e-01 6.89649130e-01 -3.47110579e-01 -1.34732535e+00
 -7.39749514e-01 9.13473440e-01 -8.54141366e-01 -1.52969534e-01
 -7.53276700e-01 1.75102378e-01 -8.43977108e-01 -1.05104199e-01
 -7.53276700e-01 1.75102378e-01 -8.43977108e-01 -1.02527688e-01
 -7.19749868e-02 6.83288337e-02 -3.64524592e-01 5.46945856e-01
 4.60623557e-02 7.92686596e-01 -3.22600989e+00 1.65148074e+00
 3.67890872e-01 9.57501630e-01 3.40254171e-01 1.00078564e+00
 4.29267304e-01 -2.26678631e-01 -5.55870890e-01 7.32224956e-01
 -6.59634866e-01 -4.45721041e-02 -4.34338824e-01 -1.18844820e+00
 -7.19749868e-02 6.83288337e-02 -3.64524592e-01 5.52593638e-01
 -6.59634866e-01 -4.45721041e-02 -4.34338824e-01 -1.18951119e+00
 4.60623557e-02 7.92686596e-01 -3.22600989e+00 1.65127479e+00
 3.67890872e-01 9.57501630e-01 3.40254171e-01 9.98891064e-01
 4.29267304e-01 -2.26678631e-01 -5.55870890e-01 7.57985859e-01
 6.95213307e-01 -8.43522013e-02 5.18494847e-01 -9.66708856e-01
 6.21900720e-01 -1.91143870e-01 -6.44930035e-01 2.80548322e-01
 6.95213307e-01 -8.43522013e-02 5.18494847e-01 -9.63944275e-01
 6.21900720e-01 -1.91143870e-01 -6.44930035e-01 2.81624031e-01
 8.14713776e-01 -1.52222459e-01 -5.69347535e-01 -6.28869146e-01
 8.14713776e-01 -1.52222459e-01 -5.69347535e-01 -6.29770284e-01
 -6.07699850e-01 -5.27998006e-02 2.48962566e-02 -1.00398656e-01
 -6.07699850e-01 -5.27998006e-02 2.48962566e-02 -1.00459464e-01
 2.16816425e-01 -1.63285014e+00 6.79460980e-01 -1.07179135e+00
 5.99554243e-01 7.97284685e-01 -4.64443344e-02 2.93866752e-01
 1.81729366e-01 -5.93139635e-01 2.89680066e-01 -1.26031262e+00
 -2.58248606e-01 -1.28144924e+00 4.57179438e-01 -1.54777789e+00
 -3.09263437e-01 -2.14479203e+00 -4.53550288e-01 -1.59264159e+00
 5.99554243e-01 7.97284685e-01 -4.64443344e-02 2.93913532e-01
 2.16816425e-01 -1.63285014e+00 6.79460980e-01 -1.07182337e+00
 1.81729366e-01 -5.93139635e-01 2.89680066e-01 -1.25147742e+00
 -2.58248606e-01 -1.28144924e+00 4.57179438e-01 -1.54817034e+00
 -3.09263437e-01 -2.14479203e+00 -4.53550288e-01 -1.59373552e+00
 -2.81292651e-01 5.38930562e-01 -1.09351232e+00 6.85204831e-01
 5.08920460e-01 -9.99281457e-01 6.15088250e-01 -6.00832008e-01
 -2.81292651e-01 5.38930562e-01 -1.09351232e+00 6.88047996e-01
 4.51921022e-01 -6.81047858e-01 4.74994598e-01 5.41019100e-02
 6.87907077e-01 -2.49877048e-01 -6.29017862e-01 -2.07697317e+00
 6.35982253e-01 -2.54509204e-01 6.02250098e-01 -3.06631067e-01
 6.87907077e-01 -2.49877048e-01 -6.29017862e-01 -2.07746290e+00
 5.08920460e-01 -9.99281457e-01 6.15088250e-01 -6.03830471e-01
 6.35982253e-01 -2.54509204e-01 6.02250098e-01 -3.06266965e-01
 -2.47045710e-01 -3.01781852e-01 1.71287882e-01 6.29688368e-01
 -1.67910384e-01 1.31475788e+00 -1.03639565e+01 -1.69928076e+00
 1.58718398e-01 -4.31309384e-02 -9.87856363e-01 2.71776701e-01
 4.32607080e-01 -2.57542282e+00 -1.01249272e+00 -3.56942743e-01
 4.51921022e-01 -6.81047858e-01 4.74994598e-01 5.15140506e-02
 -2.47045710e-01 -3.01781852e-01 1.71287882e-01 6.30693779e-01
 -1.67910384e-01 1.31475788e+00 -1.03639565e+01 -1.70272532e+00
 1.58718398e-01 -4.31309384e-02 -9.87856363e-01 2.69614214e-01
 4.32607080e-01 -2.57542282e+00 -1.01249272e+00 -3.57616388e-01
 -6.43032881e-01 1.48744803e-01 -8.46365726e-01 -5.13737961e-01
 -6.43032881e-01 1.48744803e-01 -8.46365726e-01 -5.15793830e-01
 -5.33320676e-01 1.01818493e+00 4.58634931e-01 -7.81861861e-01
 -4.55004291e-01 7.29357322e-01 -1.21912854e+00 2.23528049e-01
 -5.33320676e-01 1.01818493e+00 4.58634931e-01 -7.92122202e-01
 -4.55004291e-01 7.29357322e-01 -1.21912854e+00 2.21396173e-01
 -5.67982622e-01 9.86517302e-01 -1.24859126e+00 -5.00320656e-02
 -5.86934734e-01 6.09891582e-01 -8.15556875e-01 3.18303846e-01
 -5.86934734e-01 6.09891582e-01 -8.15556875e-01 3.22200665e-01
 -5.67982622e-01 9.86517302e-01 -1.24859126e+00 -4.93499350e-02
 2.58142487e-01 8.85723558e-01 -3.55364103e-02 1.77626025e-01
 2.58142487e-01 8.85723558e-01 -3.55364103e-02 1.78128054e-01
 -5.85313930e-01 -5.00929237e+00 8.33132112e-01 2.17162789e+00
 5.77461902e-01 -9.10203110e-02 -1.06879560e-01 -1.62019307e+00
 5.77461902e-01 -9.10203110e-02 -1.06879560e-01 -1.62081890e+00
 6.02030872e-01 8.12595582e-02 -4.71206890e-01 -1.11564211e-01
 6.02030872e-01 8.12595582e-02 -4.71206890e-01 -1.11479798e-01
 -1.41489828e-01 5.71875547e-01 -1.33578769e+00 5.86629663e-01
 -1.41489828e-01 5.71875547e-01 -1.33578769e+00 5.88137391e-01
 -5.39823682e-01 -2.29147303e-01 -5.66682328e-01 -2.94989491e-01
 -5.39823682e-01 -2.29147303e-01 -5.66682328e-01 -2.97228530e-01
 -1.40983483e-01 1.00579901e+00 -5.33240765e+00 1.55113339e+00
 -1.40983483e-01 1.00579901e+00 -5.33240765e+00 1.55245452e+00
 -5.06815541e-01 6.45315278e-01 -1.39749372e-01 1.44116480e+00
 3.89744997e-01 -7.74982845e-01 3.92432049e-01 1.18446729e+00
 3.19902156e-01 -8.07162031e-01 3.63922093e-01 1.68081128e-02
 3.89744997e-01 -7.74982845e-01 3.92432049e-01 1.19167421e+00
 3.19902156e-01 -8.07162031e-01 3.63922093e-01 1.67472231e-02
 5.56397751e-01 7.28044436e-01 -4.02234131e+00 -3.39741611e-01
 5.86332770e-01 1.09986495e+00 7.30917684e-02 6.72242312e-01
 5.56397751e-01 7.28044436e-01 -4.02234131e+00 -3.39896881e-01
 5.86332770e-01 1.09986495e+00 7.30917684e-02 6.71646800e-01
 4.88715072e-01 2.48366241e+00 3.53524665e-02 -1.68087941e+00
 4.88715072e-01 2.48366241e+00 3.53524665e-02 -1.67279645e+00
 5.06420784e-01 3.50141458e-02 6.15708611e-01 9.11399930e-02
 5.06420784e-01 3.50141458e-02 6.15708611e-01 9.15465317e-02
 5.24462600e-01 6.44192471e-01 6.66795403e-01 -2.56450130e-01
 5.24462600e-01 6.44192471e-01 6.66795403e-01 -2.54652347e-01
 5.57822845e-01 -3.96224977e-01 1.08739296e+00 -4.30342542e-01
 5.57822845e-01 -3.96224977e-01 1.08739296e+00 -4.36953144e-01
 4.91786744e-01 -1.81730610e+00 7.71999007e-02 -1.65934369e+00
 4.91786744e-01 -1.81730610e+00 7.71999007e-02 -1.65607841e+00
 3.96078020e-02 1.23725647e+00 1.59008012e+00 8.01275724e-01
 3.96078020e-02 1.23725647e+00 1.59008012e+00 8.14974807e-01
 3.30965376e-01 -7.75207697e-01 6.61522509e-02 1.46023740e+00
 3.30965376e-01 -7.75207697e-01 6.61522509e-02 1.45708812e+00
 5.16123193e-01 3.28175982e-01 -2.82201682e-01 -9.47524272e-01
 5.16123193e-01 3.28175982e-01 -2.82201682e-01 -9.31919574e-01
 -3.78076634e-01 -2.64334115e-01 7.16107963e-02 6.42456108e-01
 -3.78076634e-01 -2.64334115e-01 7.16107963e-02 6.31761565e-01
 4.96020923e-01 1.98664841e+00 3.15834471e-01 -5.50448839e-01
 4.96020923e-01 1.98664841e+00 3.15834471e-01 -5.48239710e-01
 -1.00575343e-01 -4.09606232e-01 -4.02667737e-01 7.17670020e-01
 1.36925973e-01 7.52746634e-01 -2.64649422e+00 4.17800023e-01
 2.82324785e-01 -4.86896783e-01 2.91293535e-01 -1.47615327e+00
 -1.00575343e-01 -4.09606232e-01 -4.02667737e-01 7.43059483e-01
 1.36925973e-01 7.52746634e-01 -2.64649422e+00 4.45858907e-01
 2.82324785e-01 -4.86896783e-01 2.91293535e-01 -1.47598747e+00
 1.15410648e-01 1.03863925e+00 -1.05866455e+00 4.97368717e-01
 1.15410648e-01 1.03863925e+00 -1.05866455e+00 4.96907874e-01
 3.34401439e-01 9.34422630e-01 2.62410997e-01 1.44523158e+00
 -2.81032599e-01 4.75488505e+00 -5.53164663e-01 1.56197012e-01
 -2.81032599e-01 4.75488505e+00 -5.53164663e-01 1.52749854e-01
 -3.27766094e-01 5.02908951e-02 2.82087883e-01 1.05028423e-01
 -3.27766094e-01 5.02908951e-02 2.82087883e-01 1.04994328e-01
 4.29566785e-01 -4.80053464e-01 -4.42371832e-01 -1.94783164e+00
 3.34401439e-01 9.34422630e-01 2.62410997e-01 1.46106918e+00
 4.29566785e-01 -4.80053464e-01 -4.42371832e-01 -1.95230187e+00
 2.16598272e-01 -7.36918967e-01 -1.36565343e+00 -6.90430419e-01
 -1.58369419e-01 4.21421279e-02 -3.78686486e-01 1.89683448e-01
 -9.06357163e-02 -3.23692610e+00 -6.30972815e-01 -1.33405328e+00
 -2.14713384e-01 -6.40873412e-01 6.01335606e-01 -1.00117419e+00
 -9.06357163e-02 -3.23692610e+00 -6.30972815e-01 -1.32144901e+00
 -1.58369419e-01 4.21421279e-02 -3.78686486e-01 2.08864066e-01
 -2.14713384e-01 -6.40873412e-01 6.01335606e-01 -9.51959296e-01
 2.16598272e-01 -7.36918967e-01 -1.36565343e+00 -6.79692209e-01
 2.94224030e-01 -2.95659701e+00 3.55936841e-01 -4.02352667e-01
 4.00513843e-01 2.80234696e-01 -6.64065269e-01 -8.12932324e-01
 4.00513843e-01 2.80234696e-01 -6.64065269e-01 -8.12916468e-01
 2.94224030e-01 -2.95659701e+00 3.55936841e-01 -4.00758381e-01
 -1.67119022e-01 -2.94724153e+00 -6.04978445e-03 -1.02225788e-01
 -1.67119022e-01 -2.94724153e+00 -6.04978446e-03 -8.52919513e-02
 -2.76749346e-01 -5.09653623e-01 1.08904938e+00 -7.56699933e-01
 -2.94712610e-02 -2.54585866e+00 -8.42276566e-01 -1.71665792e+00
 -2.94712610e-02 -2.54585866e+00 -8.42276566e-01 -1.72474859e+00
 -2.02050045e-01 -8.71126790e-01 -2.77157720e+00 -4.89649995e+00
 -2.02050045e-01 -8.71126790e-01 -2.77157720e+00 -4.91524871e+00
 3.27290510e-01 -3.79108398e-02 -1.30830304e-01 -8.36172038e-01
 3.27290510e-01 -3.79108398e-02 -1.30830304e-01 -8.62229786e-01
 3.41613790e-01 7.97145171e-01 -3.09388597e-01 -2.43165745e-01
 3.41613790e-01 7.97145171e-01 -3.09388597e-01 -2.43114961e-01
 -1.88289353e-01 -3.31448051e+00 -9.04639496e-01 -2.11090043e+00
 -1.22114773e-01 1.45865459e+00 -3.38410004e-02 -4.23795080e-01
 -1.22114773e-01 1.45865459e+00 -3.38410004e-02 -4.23358942e-01
 -3.15923504e-02 1.62664296e-01 -3.35208289e-02 5.46720220e-02
 -5.84225723e-02 -1.65977113e+00 -3.67068559e-01 -2.01890500e+00
 1.89827677e-02 2.38197540e+00 1.87276133e-02 -2.63106752e-01
 1.89827677e-02 2.38197540e+00 1.87276134e-02 -2.65872688e-01
 9.44121581e-15 -1.23602193e-01 6.18010965e-02 -7.02595505e-01
 8.08496742e-15 -8.17986363e-02 4.08993181e-02 5.75676100e-01
 -5.28649104e-15 2.05400829e-01 -1.02700415e-01 8.55988912e-01
