 -2.67820375e+00 2.87105049e+00 1.10694876e+00 -4.20934651e+00
 2.67820375e+00 -2.87105049e+00 -1.10694876e+00 4.20934651e+00
 -4.11660921e+00 -3.03072837e+00 1.13307021e+00 -2.61893920e+00
 4.11660921e+00 3.03072837e+00 -1.13307021e+00 2.61893920e+00
 1.30484199e+00 -8.09521691e-01 2.52193191e-01 2.90767221e+00
 -1.30484199e+00 8.09521691e-01 -2.52193191e-01 -2.90767221e+00
 3.10214572e+00 3.24209448e-01 5.03865500e-01 -7.13808031e-01
 -3.10214572e+00 -3.24209448e-01 -5.03865500e-01 7.13808031e-01
 6.45317133e-16 1.80397689e-16 -2.98155597e-17 8.46545056e-16
 8.25728375e-16 -1.49880108e-15 -6.86950496e-16 -4.16333634e-16
 2.30030276e+00 -7.84772716e-02 4.34439713e-01 2.88342004e-01
 -2.30030276e+00 7.84772716e-02 -4.34439713e-01 -2.88342004e-01
 2.20083341e+00 1.73319467e+00 7.81610225e-01 9.75191175e-01
 -2.20083341e+00 -1.73319467e+00 -7.81610225e-01 -9.75191175e-01
 1.57443040e+00 -1.58358744e+00 -1.03165563e+00 -9.62289452e-01
 -1.57443040e+00 1.58358744e+00 1.03165563e+00 9.62289452e-01
 1.09126759e+00 1.58507307e+00 -7.24370185e-01 -1.92592478e+00
 -1.09126759e+00 -1.58507307e+00 7.24370185e-01 1.92592478e+00
 1.79402958e+00 -3.58366539e-01 8.76961765e-01 3.63569907e+00
 -1.79402958e+00 3.58366539e-01 -8.76961765e-01 -3.63569907e+00
 1.72442283e+00 8.33430487e-01 7.44354443e-01 6.90917458e-01
 -1.72442283e+00 -8.33430487e-01 -7.44354443e-01 -6.90917458e-01
 1.75072179e+00 9.89368209e-01 1.18993963e+00 -1.74553123e+00
 -1.75072179e+00 -9.89368209e-01 -1.18993963e+00 1.74553123e+00
 1.37418025e+00 8.04423329e-01 -3.27250856e-01 8.46433989e-01
 1.18042042e+00 4.51051646e-01 -1.91165343e-01 6.17627826e-01
 -1.37418025e+00 -8.04423329e-01 3.27250856e-01 -8.46433989e-01
 -1.18042042e+00 -4.51051646e-01 1.91165343e-01 -6.17627826e-01
 6.72205347e-16 1.34614542e-15 1.19348975e-15 -1.04083409e-16
 1.39420798e+00 5.68938666e-01 -3.47056399e-02 3.90411880e-01
 -1.39420798e+00 -5.68938666e-01 3.47056399e-02 -3.90411880e-01
 -3.50680110e-17 1.63363009e-16 -9.74052314e-16 2.82990320e-15
 -1.48286929e+00 6.84066363e-01 -5.48138182e-01 -2.01421222e-01
 1.48286929e+00 -6.84066363e-01 5.48138182e-01 2.01421222e-01
 -1.31862560e+00 2.85190884e-01 -6.13885037e-01 4.37724135e-02
 -1.35508013e+00 -2.09041192e-01 -6.96670239e-02 -3.34344309e-01
 -8.64325972e-16 -2.00395256e-13 -3.19778926e-13 -4.31488179e-12
 1.31862560e+00 -2.85190884e-01 6.13885037e-01 -4.37724135e-02
 1.35508013e+00 2.09041192e-01 6.96670239e-02 3.34344309e-01
 8.82540568e-17 -1.00180281e-15 -9.53230550e-16 -8.66494376e-16
 1.08544334e+00 -7.88101625e-01 -1.17747904e-01 -2.19489268e-01
 -1.08544334e+00 7.88101625e-01 1.17747904e-01 2.19489268e-01
 1.06145957e+00 1.37428453e+00 1.05369410e+00 7.49104994e-02
 -1.06145957e+00 -1.37428453e+00 -1.05369410e+00 -7.49104994e-02
 2.25054762e-01 -3.37875311e-01 -2.87233746e-01 -1.63697146e-01
 -2.25054762e-01 3.37875311e-01 2.87233746e-01 1.63697146e-01
 2.64158317e-01 -7.36069313e-01 -1.23777326e+00 1.44415107e-01
 -2.64158317e-01 7.36069313e-01 1.23777326e+00 -1.44415107e-01
 -6.64399091e-16 2.87964097e-16 2.23714276e-15 1.96977851e-15
 4.44292498e-16 -2.92138275e-16 -5.05780313e-16 -1.11889664e-15
 1.84803603e-01 7.39479038e-01 8.99829024e-01 1.03402849e-01
 -1.84803603e-01 -7.39479038e-01 -8.99829024e-01 -1.03402849e-01
 9.17999192e-01 -9.48010667e-01 2.01672011e+00 5.27606077e+00
 -9.17999192e-01 9.48010667e-01 -2.01672011e+00 -5.27606077e+00
 9.88705588e-01 -6.80763977e-01 -1.30745748e-01 7.12921898e-01
 -9.88705588e-01 6.80763977e-01 1.30745748e-01 -7.12921898e-01
 1.06322979e+00 -6.88291886e-01 -1.55081393e+00 7.51337154e-01
 -1.06322979e+00 6.88291886e-01 1.55081393e+00 -7.51337154e-01
 6.14092110e-16 -9.36750677e-16 1.39471767e-15 5.41233725e-16
 7.35076016e-02 -1.07692899e-01 8.84554183e-02 4.04620454e+00
 -7.35076016e-02 1.07692899e-01 -8.84554183e-02 -4.04620454e+00
 5.02642373e-01 8.30091892e-01 -1.86512607e+00 -1.12842965e+00
 9.83194333e-01 6.20903200e-01 1.40561740e+00 5.53142150e-01
 -5.02642373e-01 -8.30091892e-01 1.86512607e+00 1.12842965e+00
 -9.83194333e-01 -6.20903200e-01 -1.40561740e+00 -5.53142150e-01
 6.13588395e-01 -6.00256240e-01 -1.63872931e-01 -3.86366178e-01
 -6.13588395e-01 6.00256240e-01 1.63872931e-01 3.86366178e-01
 9.48601872e-01 -1.58688842e-01 -7.09088565e-01 4.86163074e-01
 -9.48601872e-01 1.58688842e-01 7.09088565e-01 -4.86163074e-01
 5.65953534e-16 2.87181303e-14 6.40442560e-14 1.02612363e-12
 -2.48499138e-16 -1.79717352e-15 2.25514052e-15 -1.26218480e-14
 8.63947206e-01 1.09343405e-01 -9.63632125e-01 6.89767191e-01
 -8.63947206e-01 -1.09343405e-01 9.63632125e-01 -6.89767191e-01
 8.57498603e-01 7.83836080e-01 2.19176306e+00 8.92013475e-01
 -8.57498603e-01 -7.83836080e-01 -2.19176306e+00 -8.92013475e-01
 1.95480177e-01 -1.42975973e-01 -4.32788224e-02 1.96666827e-02
 -1.95480177e-01 1.42975973e-01 4.32788224e-02 -1.96666827e-02
 -8.18046503e-01 1.28763660e-01 6.59242473e-01 -7.19629085e-01
 -7.88401351e-01 2.64983634e-01 -5.41980308e-01 -1.66457494e-01
 8.18046503e-01 -1.28763660e-01 -6.59242473e-01 7.19629085e-01
 7.88401351e-01 -2.64983634e-01 5.41980308e-01 1.66457494e-01
 -2.59490237e-16 -3.29422470e-13 -1.10916484e-13 -1.52458324e-11
 -7.97322278e-16 2.99705139e-13 5.14961337e-14 1.41784011e-11
 -2.61834825e-17 2.19199658e-14 5.48142261e-14 1.02237272e-12
 3.05311332e-16 -1.13797860e-15 -5.03763697e-15 -7.08634540e-14
 2.00550321e-01 -6.68855893e-01 9.75619547e-01 -4.44381547e-01
 -2.00550321e-01 6.68855893e-01 -9.75619547e-01 4.44381547e-01
 -3.57498349e-01 -7.37191577e-01 2.21339771e+00 -3.86783815e-02
 3.57498349e-01 7.37191577e-01 -2.21339771e+00 3.86783815e-02
 -3.10614365e-01 7.83184475e-01 4.47193103e-01 -8.43147345e-01
 -2.60824044e-01 8.25707566e-01 -3.98061539e-01 -1.18088251e-01
 2.60824044e-01 -8.25707566e-01 3.98061539e-01 1.18088251e-01
 3.10614365e-01 -7.83184475e-01 -4.47193103e-01 8.43147345e-01
 6.41201050e-01 7.89082412e-01 8.34470304e-01 1.85201337e+00
 -6.41201050e-01 -7.89082412e-01 -8.34470304e-01 -1.85201337e+00
 4.34559005e-01 9.41817857e-01 -1.05739235e+00 8.79354361e-02
 -4.34559005e-01 -9.41817857e-01 1.05739235e+00 -8.79354361e-02
 5.81961753e-01 9.03120333e-01 -5.91057116e-01 3.44031805e-01
 -5.81961753e-01 -9.03120333e-01 5.91057116e-01 -3.44031805e-01
 5.18178026e-01 -6.73989303e-02 4.62163577e-01 2.26367228e-01
 -5.18178026e-01 6.73989303e-02 -4.62163577e-01 -2.26367228e-01
 -3.40141180e-01 -5.80690538e-01 -6.55242524e-01 -2.29961689e-01
 3.40141180e-01 5.80690538e-01 6.55242524e-01 2.29961689e-01
 3.94728646e-01 -4.16041488e-01 -1.93374151e-01 8.70147312e-01
 -3.94728646e-01 4.16041488e-01 1.93374151e-01 -8.70147312e-01
 -1.17249103e-01 -1.64024248e+00 -1.49435953e+00 2.55207306e-02
 1.17249103e-01 1.64024248e+00 1.49435953e+00 -2.55207306e-02
 -3.44884711e-16 -8.07513778e-16 -4.22405166e-16 1.42006226e-14
 3.96215238e-01 -9.18281999e-01 5.80530812e-01 -9.64750472e-01
 4.52808987e-01 7.07536562e-02 -2.32779311e-02 2.08908664e-01
 -4.52808987e-01 -7.07536562e-02 2.32779311e-02 -2.08908664e-01
 -5.04026466e-01 8.72155777e-01 -1.07768575e-01 4.29507947e-02
 5.04026466e-01 -8.72155777e-01 1.07768575e-01 -4.29507947e-02
 -1.74990231e-16 1.17380064e-14 -1.21430643e-14 -4.34798681e-14
 1.94115557e-15 1.40651379e-14 -3.56815272e-14 -4.23544446e-13
 -3.96215238e-01 9.18281999e-01 -5.80530812e-01 9.64750472e-01
 5.89402350e-08 5.12857655e-08 1.17880470e-07 -9.10260399e-14
 -5.89402361e-08 4.93826909e-03 -1.17880477e-07 1.83880688e-15
 -5.75928194e-16 -4.93832038e-03 3.56659147e-15 -2.19581298e-14
 -4.11119620e-01 -7.01327803e-01 -6.22193990e-01 -1.82158223e-01
 4.11119620e-01 7.01327803e-01 6.22193990e-01 1.82158223e-01
 1.65451444e-01 -1.26435700e+00 4.53230453e-01 5.21484401e-02
 -1.65451444e-01 1.26435700e+00 -4.53230453e-01 -5.21484401e-02
 2.82350295e-01 -2.84610857e-01 1.50964829e+00 4.95429579e-01
 -2.82350295e-01 2.84610857e-01 -1.50964829e+00 -4.95429579e-01
 3.23399978e-01 8.70883594e-01 2.20556934e-01 -6.31172856e-01
 -3.23399978e-01 -8.70883594e-01 -2.20556934e-01 6.31172856e-01
 -2.77091856e-01 5.36504443e-01 1.73310845e+00 7.22508173e-02
 2.77091856e-01 -5.36504443e-01 -1.73310845e+00 -7.22508173e-02
 -2.80859615e-01 -1.09443696e+00 2.20444960e-01 -1.91039435e-01
 -2.01029882e-01 -7.21537009e-01 2.76846811e-02 2.73332574e-01
 2.80859615e-01 1.09443696e+00 -2.20444960e-01 1.91039435e-01
 2.01029882e-01 7.21537009e-01 -2.76846811e-02 -2.73332574e-01
 2.34939350e-02 -7.18974467e-03 5.16156842e-03 2.24138039e-02
 -2.34939350e-02 7.18974467e-03 -5.16156842e-03 -2.24138039e-02
 4.22312198e-08 3.53580488e-08 8.95307177e-08 -5.06831739e-09
 -4.22312200e-08 8.13081653e-02 9.20476322e-03 -9.20484768e-03
 6.14092110e-16 -7.46602002e-02 -2.21672734e-04 2.21672734e-04
 2.66713734e-17 -6.64800045e-03 -8.98318001e-03 8.98318001e-03
